image: icra2020.png
resolution: 0.01
origin: [-4.25541448593, -2.4368596077, 0.0]
occupied_thresh: 0.65
free_thresh: 0.196
negate: 0
